Team,Season,League,Games Played,Home Wins,Home Draws,Home Losses,Home Goals Scored,Home Goals Conceded,Away Wins,Away Draws,Away Losses,Away Goals Scored,Away Goals Conceded,Wins,Draws,Losses,Goals Scored,Goals Conceded,Points,Goal Difference,League Position,Promoted,Relegated,prev_season_points,prev_season_league,prev_season_position,prev_season_gd,promoted_from_championship
Norwich,2020/2021,Championship,46,14,6,3,39,15,15,4,4,36,21,29,10,7,75,36,97,39,1.0,0,0,0.0,N/A,0.0,0.0,False
Watford,2020/2021,Championship,46,19,2,2,44,12,8,8,7,19,18,27,10,9,63,30,91,33,2.0,0,0,0.0,N/A,0.0,0.0,False
Brentford,2020/2021,Championship,46,12,9,2,39,20,12,6,5,40,22,24,15,7,79,42,87,37,3.0,0,0,0.0,N/A,0.0,0.0,False
Man City,2020/2021,Premier League,38,13,2,4,43,17,14,3,2,40,15,27,5,6,83,32,86,51,1.0,0,0,0.0,N/A,0.0,0.0,False
Swansea,2020/2021,Championship,46,12,6,5,27,16,11,5,7,29,23,23,11,12,56,39,80,17,4.0,0,0,0.0,N/A,0.0,0.0,False
Barnsley,2020/2021,Championship,46,12,6,5,30,22,11,3,9,28,28,23,9,14,58,50,78,8,5.0,0,0,0.0,N/A,0.0,0.0,False
Bournemouth,2020/2021,Championship,46,13,3,7,40,24,9,8,6,33,22,22,11,13,73,46,77,27,6.0,0,0,0.0,N/A,0.0,0.0,False
Man United,2020/2021,Premier League,38,9,4,6,38,28,12,7,0,35,16,21,11,6,73,44,74,29,2.0,0,0,0.0,N/A,0.0,0.0,False
Reading,2020/2021,Championship,46,12,4,7,37,27,7,9,7,25,27,19,13,14,62,54,70,8,7.0,0,0,0.0,N/A,0.0,0.0,False
Liverpool,2020/2021,Premier League,38,10,3,6,29,20,10,6,3,39,22,20,9,9,68,42,69,26,3.0,0,0,0.0,N/A,0.0,0.0,False
Cardiff,2020/2021,Championship,46,8,6,9,37,26,10,8,5,29,23,18,14,14,66,49,68,17,8.0,0,0,0.0,N/A,0.0,0.0,False
QPR,2020/2021,Championship,46,11,4,8,32,27,8,7,8,25,28,19,11,16,57,55,68,2,8.0,0,0,0.0,N/A,0.0,0.0,False
Chelsea,2020/2021,Premier League,38,9,6,4,31,18,10,4,5,27,18,19,10,9,58,36,67,22,4.0,0,0,0.0,N/A,0.0,0.0,False
Leicester,2020/2021,Premier League,38,9,1,9,34,30,11,5,3,34,20,20,6,12,68,50,66,18,5.0,0,0,0.0,N/A,0.0,0.0,False
West Ham,2020/2021,Premier League,38,10,4,5,32,22,9,4,6,30,25,19,8,11,62,47,65,15,6.0,0,0,0.0,N/A,0.0,0.0,False
Middlesbrough,2020/2021,Championship,46,11,4,8,30,25,7,6,10,25,28,18,10,18,55,53,64,2,10.0,0,0,0.0,N/A,0.0,0.0,False
Tottenham,2020/2021,Premier League,38,10,3,6,35,20,8,5,6,33,25,18,8,12,68,45,62,23,7.0,0,0,0.0,N/A,0.0,0.0,False
Luton,2020/2021,Championship,46,8,9,6,25,23,9,2,12,16,29,17,11,18,41,52,62,-11,11.0,0,0,0.0,N/A,0.0,0.0,False
Millwall,2020/2021,Championship,46,7,10,6,24,24,8,7,8,23,28,15,17,14,47,52,62,-5,11.0,0,0,0.0,N/A,0.0,0.0,False
Arsenal,2020/2021,Premier League,38,8,4,7,24,21,10,3,6,31,18,18,7,13,55,39,61,16,8.0,0,0,0.0,N/A,0.0,0.0,False
Preston,2020/2021,Championship,46,7,5,11,21,24,11,2,10,28,32,18,7,21,49,56,61,-7,13.0,0,0,0.0,N/A,0.0,0.0,False
Stoke,2020/2021,Championship,46,9,5,9,29,28,6,10,7,21,24,15,15,16,50,52,60,-2,14.0,0,0,0.0,N/A,0.0,0.0,False
Everton,2020/2021,Premier League,38,6,4,9,24,28,11,4,4,23,20,17,8,13,47,48,59,-1,9.0,0,0,0.0,N/A,0.0,0.0,False
Leeds,2020/2021,Premier League,38,8,5,6,28,21,10,0,9,34,33,18,5,15,62,54,59,8,9.0,0,0,0.0,N/A,0.0,0.0,False
Blackburn,2020/2021,Championship,46,9,7,7,37,28,6,5,12,28,26,15,12,19,65,54,57,11,15.0,0,0,0.0,N/A,0.0,0.0,False
Aston Villa,2020/2021,Premier League,38,7,4,8,29,27,9,3,7,26,19,16,7,15,55,46,55,9,11.0,0,0,0.0,N/A,0.0,0.0,False
Coventry,2020/2021,Championship,46,10,7,6,30,22,4,6,13,19,39,14,13,19,49,61,55,-12,16.0,0,0,0.0,N/A,0.0,0.0,False
Nott'm Forest,2020/2021,Championship,46,6,8,9,21,24,6,8,9,16,21,12,16,18,37,45,52,-8,17.0,0,0,0.0,N/A,0.0,0.0,False
Birmingham,2020/2021,Championship,46,6,4,13,18,37,7,9,7,19,24,13,13,20,37,61,52,-24,17.0,0,0,0.0,N/A,0.0,0.0,False
Bristol City,2020/2021,Championship,46,7,3,13,18,30,8,3,12,28,38,15,6,25,46,68,51,-22,19.0,0,0,0.0,N/A,0.0,0.0,False
Huddersfield,2020/2021,Championship,46,8,7,8,28,23,4,6,13,22,48,12,13,21,50,71,49,-21,20.0,0,0,0.0,N/A,0.0,0.0,False
Sheffield Weds,2020/2021,Championship,46,8,8,7,22,17,4,3,16,18,44,12,11,23,40,61,47,-21,21.0,0,0,0.0,N/A,0.0,0.0,False
Newcastle,2020/2021,Premier League,38,6,5,8,26,33,6,4,9,20,29,12,9,17,46,62,45,-16,12.0,0,0,0.0,N/A,0.0,0.0,False
Wolves,2020/2021,Premier League,38,7,4,8,21,25,5,5,9,15,27,12,9,17,36,52,45,-16,12.0,0,0,0.0,N/A,0.0,0.0,False
Crystal Palace,2020/2021,Premier League,38,6,5,8,20,32,6,3,10,21,34,12,8,18,41,66,44,-25,14.0,0,0,0.0,N/A,0.0,0.0,False
Derby,2020/2021,Championship,46,6,7,10,20,26,5,4,14,16,32,11,11,24,36,58,44,-22,22.0,0,0,0.0,N/A,0.0,0.0,False
Southampton,2020/2021,Premier League,38,8,3,8,28,25,4,4,11,19,43,12,7,19,47,68,43,-21,15.0,0,0,0.0,N/A,0.0,0.0,False
Wycombe,2020/2021,Championship,46,7,5,11,17,28,4,5,14,22,41,11,10,25,39,69,43,-30,23.0,0,0,0.0,N/A,0.0,0.0,False
Rotherham,2020/2021,Championship,46,5,4,14,26,35,6,5,12,18,25,11,9,26,44,60,42,-16,24.0,0,0,0.0,N/A,0.0,0.0,False
Brighton,2020/2021,Premier League,38,4,9,6,22,22,5,5,9,18,24,9,14,15,40,46,41,-6,16.0,0,0,0.0,N/A,0.0,0.0,False
Burnley,2020/2021,Premier League,38,4,6,9,14,27,6,3,10,19,28,10,9,19,33,55,39,-22,17.0,0,0,0.0,N/A,0.0,0.0,False
Fulham,2020/2021,Premier League,38,2,4,13,9,28,3,9,7,18,25,5,13,20,27,53,28,-26,18.0,0,0,0.0,N/A,0.0,0.0,False
West Brom,2020/2021,Premier League,38,3,6,10,15,39,2,5,12,20,37,5,11,22,35,76,26,-41,19.0,0,0,0.0,N/A,0.0,0.0,False
Sheffield United,2020/2021,Premier League,38,5,1,13,12,27,2,1,16,8,36,7,2,29,20,63,23,-43,20.0,0,0,0.0,N/A,0.0,0.0,False
Man City,2021/2022,Premier League,38,15,2,2,58,15,14,4,1,41,11,29,6,3,99,26,93,73,1.0,0,0,86.0,Premier League,1.0,51.0,False
Liverpool,2021/2022,Premier League,38,15,4,0,49,9,13,4,2,45,17,28,8,2,94,26,92,68,2.0,0,0,69.0,Premier League,3.0,26.0,False
Fulham,2021/2022,Championship,46,14,4,5,56,20,13,5,5,50,23,27,9,10,106,43,90,63,1.0,0,1,28.0,Premier League,18.0,-26.0,False
Bournemouth,2021/2022,Championship,46,13,7,3,41,21,12,6,5,33,18,25,13,8,74,39,88,35,2.0,0,0,77.0,Championship,6.0,27.0,False
Huddersfield,2021/2022,Championship,47,13,6,5,35,24,10,7,6,29,24,23,13,11,64,48,82,16,3.0,0,0,49.0,Championship,20.0,-21.0,False
Nott'm Forest,2021/2022,Championship,46,13,4,6,43,22,10,7,6,30,18,23,11,12,73,40,80,33,4.0,0,0,52.0,Championship,17.0,-8.0,False
Luton,2021/2022,Championship,47,12,8,4,37,22,9,5,9,26,33,21,13,13,63,55,76,8,5.0,0,0,62.0,Championship,11.0,-11.0,False
Sheffield United,2021/2022,Championship,46,13,5,5,38,15,8,7,8,25,30,21,12,13,63,45,75,18,6.0,0,1,23.0,Premier League,20.0,-43.0,False
Chelsea,2021/2022,Premier League,38,9,7,3,37,22,12,4,3,39,11,21,11,6,76,33,74,43,3.0,0,0,67.0,Premier League,4.0,22.0,False
Blackburn,2021/2022,Championship,47,13,5,6,37,26,7,7,9,23,24,20,12,15,60,50,72,10,7.0,0,0,57.0,Championship,15.0,11.0,False
Millwall,2021/2022,Championship,47,14,6,4,34,16,5,9,9,21,29,19,15,13,55,45,72,10,7.0,0,0,62.0,Championship,11.0,-5.0,False
Tottenham,2021/2022,Premier League,38,13,1,5,38,19,9,4,6,31,21,22,5,11,69,40,71,29,4.0,0,0,62.0,Premier League,7.0,23.0,False
Middlesbrough,2021/2022,Championship,47,14,3,7,35,22,6,8,9,25,29,20,11,16,60,51,71,9,9.0,0,0,64.0,Championship,10.0,2.0,False
Arsenal,2021/2022,Premier League,38,13,2,4,35,17,9,1,9,26,31,22,3,13,61,48,69,13,5.0,0,0,61.0,Premier League,8.0,16.0,False
West Brom,2021/2022,Championship,47,12,8,3,33,16,6,6,12,20,30,18,14,15,53,46,68,7,10.0,0,1,26.0,Premier League,19.0,-41.0,False
QPR,2021/2022,Championship,47,10,6,7,30,25,9,3,12,30,35,19,9,19,60,60,66,0,11.0,0,0,68.0,Championship,8.0,2.0,False
Preston,2021/2022,Championship,47,9,10,4,33,28,7,7,10,19,28,16,17,14,52,56,65,-4,12.0,0,0,61.0,Championship,13.0,-7.0,False
Coventry,2021/2022,Championship,47,10,5,8,32,26,7,9,8,29,34,17,14,16,61,60,65,1,12.0,0,0,55.0,Championship,16.0,-12.0,False
Blackpool,2021/2022,Championship,47,12,3,9,30,26,5,9,9,25,32,17,12,18,55,58,63,-3,14.0,0,0,0.0,N/A,0.0,0.0,False
Stoke,2021/2022,Championship,47,10,5,8,30,23,7,6,11,27,31,17,11,19,57,54,62,3,15.0,0,0,60.0,Championship,14.0,-2.0,False
Swansea,2021/2022,Championship,47,9,8,6,30,27,7,6,11,29,42,16,14,17,59,69,62,-10,15.0,0,0,80.0,Championship,4.0,17.0,False
Man United,2021/2022,Premier League,38,10,5,4,32,22,6,5,8,25,35,16,10,12,57,57,58,0,6.0,0,0,74.0,Premier League,2.0,29.0,False
West Ham,2021/2022,Premier League,38,9,5,5,33,26,7,3,9,27,25,16,8,14,60,51,56,9,7.0,0,0,65.0,Premier League,6.0,15.0,False
Cardiff,2021/2022,Championship,47,8,4,12,23,29,8,4,11,28,39,16,8,23,51,68,56,-17,17.0,0,0,68.0,Championship,8.0,17.0,False
Bristol City,2021/2022,Championship,47,8,8,7,33,29,7,2,15,30,50,15,10,22,63,79,55,-16,18.0,0,0,51.0,Championship,19.0,-22.0,False
Derby,2021/2022,Championship,46,11,7,5,30,22,3,6,14,15,31,14,13,19,45,53,55,-8,18.0,0,0,44.0,Championship,22.0,-22.0,False
Hull,2021/2022,Championship,47,8,4,12,24,29,7,5,11,19,26,15,9,23,43,55,54,-12,20.0,0,0,0.0,N/A,0.0,0.0,False
Leicester,2021/2022,Premier League,38,10,4,5,34,23,4,6,9,28,36,14,10,14,62,59,52,3,8.0,0,0,66.0,Premier League,5.0,18.0,False
Brighton,2021/2022,Premier League,38,5,7,7,19,23,7,8,4,23,21,12,15,11,42,44,51,-2,9.0,0,0,41.0,Premier League,16.0,-6.0,False
Wolves,2021/2022,Premier League,38,7,3,9,20,25,8,3,8,18,18,15,6,17,38,43,51,-5,9.0,0,0,45.0,Premier League,12.0,-16.0,False
Newcastle,2021/2022,Premier League,38,8,6,5,26,27,5,4,10,18,35,13,10,15,44,62,49,-18,11.0,0,0,45.0,Premier League,12.0,-16.0,False
Crystal Palace,2021/2022,Premier League,38,7,8,4,27,17,4,7,8,23,29,11,15,12,50,46,48,4,12.0,0,0,44.0,Premier League,14.0,-25.0,False
Birmingham,2021/2022,Championship,47,7,6,10,27,33,4,9,11,23,42,11,15,21,50,75,48,-25,21.0,0,0,52.0,Championship,17.0,-24.0,False
Reading,2021/2022,Championship,47,7,5,11,33,44,6,3,15,21,44,13,8,26,54,88,47,-34,22.0,0,0,70.0,Championship,7.0,8.0,False
Brentford,2021/2022,Premier League,38,7,3,9,22,21,6,4,9,26,35,13,7,18,48,56,46,-8,13.0,1,0,87.0,Championship,3.0,37.0,True
Aston Villa,2021/2022,Premier League,38,6,5,8,29,29,7,1,11,23,25,13,6,19,52,54,45,-2,14.0,0,0,55.0,Premier League,11.0,9.0,False
Southampton,2021/2022,Premier League,38,6,7,6,23,24,3,6,10,20,43,9,13,16,43,67,40,-24,15.0,0,0,43.0,Premier League,15.0,-21.0,False
Everton,2021/2022,Premier League,38,9,2,8,27,25,2,4,13,16,41,11,6,21,43,66,39,-23,16.0,0,0,59.0,Premier League,9.0,-1.0,False
Burnley,2021/2022,Premier League,39,5,6,8,18,25,3,8,9,17,28,8,14,17,35,53,38,-18,17.0,0,0,39.0,Premier League,17.0,-22.0,False
Leeds,2021/2022,Premier League,38,4,6,9,19,38,5,5,9,23,41,9,11,18,42,79,38,-37,17.0,0,0,59.0,Premier League,9.0,8.0,False
Peterboro,2021/2022,Championship,46,6,7,10,27,33,3,3,17,16,54,9,10,27,43,87,37,-44,23.0,0,0,0.0,N/A,0.0,0.0,False
Barnsley,2021/2022,Championship,46,5,7,11,18,29,1,5,17,15,44,6,12,28,33,73,30,-40,24.0,0,0,78.0,Championship,5.0,8.0,False
Watford,2021/2022,Premier League,38,2,2,15,17,46,4,3,12,17,31,6,5,27,34,77,23,-43,19.0,1,0,91.0,Championship,2.0,33.0,True
Norwich,2021/2022,Premier League,39,3,3,13,12,43,2,4,14,11,42,5,7,27,23,85,22,-62,20.0,1,0,97.0,Championship,1.0,39.0,True
Sunderland,2021/2022,Championship,1,0,1,0,1,1,0,0,0,0,0,0,1,0,1,1,1,0,25.0,0,0,0.0,N/A,0.0,0.0,False
Rotherham,2021/2022,Championship,1,0,1,0,1,1,0,0,0,0,0,0,1,0,1,1,1,0,25.0,0,0,42.0,Championship,24.0,-16.0,False
Wigan,2021/2022,Championship,1,0,1,0,0,0,0,0,0,0,0,0,1,0,0,0,1,0,25.0,0,0,0.0,N/A,0.0,0.0,False
Burnley,2022/2023,Championship,45,16,6,1,49,15,12,8,2,37,20,28,14,3,86,35,98,51,1.0,0,0,38.0,Premier League,17.0,-18.0,False
Sheffield United,2022/2023,Championship,46,16,3,4,47,19,12,4,7,26,20,28,7,11,73,39,91,34,2.0,0,0,75.0,Championship,6.0,18.0,False
Man City,2022/2023,Premier League,38,17,1,1,60,17,11,4,4,34,16,28,5,5,94,33,89,61,1.0,0,0,93.0,Premier League,1.0,73.0,False
Arsenal,2022/2023,Premier League,38,14,3,2,53,25,12,3,4,35,18,26,6,6,88,43,84,45,2.0,0,0,69.0,Premier League,5.0,13.0,False
Luton,2022/2023,Championship,45,10,8,4,31,21,11,8,4,26,18,21,16,8,57,39,79,18,3.0,0,0,76.0,Championship,5.0,8.0,False
Man United,2022/2023,Premier League,38,15,3,1,36,10,8,3,8,22,33,23,6,9,58,43,75,15,3.0,0,0,58.0,Premier League,6.0,0.0,False
Middlesbrough,2022/2023,Championship,45,13,6,3,45,18,9,2,12,38,37,22,8,15,83,55,74,28,4.0,0,0,71.0,Championship,9.0,9.0,False
Newcastle,2022/2023,Premier League,38,11,6,2,36,14,8,8,3,32,19,19,14,5,68,33,71,35,4.0,0,0,49.0,Premier League,11.0,-18.0,False
Coventry,2022/2023,Championship,45,11,7,5,30,24,7,8,7,27,21,18,15,12,57,45,69,12,5.0,0,0,65.0,Championship,12.0,1.0,False
Sunderland,2022/2023,Championship,45,7,8,7,32,32,11,6,6,35,22,18,14,13,67,54,68,13,6.0,0,0,1.0,Championship,25.0,0.0,False
Liverpool,2022/2023,Premier League,38,13,5,1,46,17,6,5,8,29,30,19,10,9,75,47,67,28,5.0,0,0,92.0,Premier League,2.0,68.0,False
Blackburn,2022/2023,Championship,45,12,4,6,26,19,7,5,11,25,35,19,9,17,51,54,66,-3,7.0,0,0,72.0,Championship,7.0,10.0,False
West Brom,2022/2023,Championship,45,11,7,5,31,20,7,4,11,27,32,18,11,16,58,52,65,6,8.0,0,0,68.0,Championship,10.0,7.0,False
Millwall,2022/2023,Championship,45,10,6,6,32,22,8,5,10,23,28,18,11,16,55,50,65,5,8.0,0,0,72.0,Championship,7.0,10.0,False
Swansea,2022/2023,Championship,45,11,4,8,38,32,7,7,8,29,31,18,11,16,67,63,65,4,8.0,0,0,62.0,Championship,15.0,-10.0,False
Watford,2022/2023,Championship,46,11,6,6,35,23,5,9,9,21,30,16,15,15,56,53,63,3,11.0,0,1,23.0,Premier League,19.0,-43.0,False
Norwich,2022/2023,Championship,45,8,5,10,27,27,9,6,7,30,26,17,11,17,57,53,62,4,12.0,0,1,22.0,Premier League,20.0,-62.0,False
Brighton,2022/2023,Premier League,38,10,4,5,37,21,8,4,7,35,32,18,8,12,72,53,62,19,6.0,0,0,51.0,Premier League,9.0,-2.0,False
Preston,2022/2023,Championship,45,7,7,9,20,28,10,4,8,25,31,17,11,17,45,59,62,-14,12.0,0,0,65.0,Championship,12.0,-4.0,False
Aston Villa,2022/2023,Premier League,38,12,2,5,33,21,6,5,8,18,25,18,7,13,51,46,61,5,7.0,0,0,45.0,Premier League,14.0,-2.0,False
Tottenham,2022/2023,Premier League,38,12,1,6,37,25,6,5,8,33,38,18,6,14,70,63,60,7,8.0,0,0,71.0,Premier League,4.0,29.0,False
Brentford,2022/2023,Premier League,38,10,7,2,35,18,5,7,7,23,28,15,14,9,58,46,59,12,9.0,0,0,46.0,Premier League,13.0,-8.0,False
Bristol City,2022/2023,Championship,45,9,7,7,30,24,6,7,9,24,30,15,14,16,54,54,59,0,14.0,0,0,55.0,Championship,18.0,-16.0,False
Hull,2022/2023,Championship,45,8,6,8,22,26,5,10,8,27,34,13,16,16,49,60,55,-11,15.0,0,0,54.0,Championship,20.0,-12.0,False
Stoke,2022/2023,Championship,45,6,5,12,25,27,8,6,8,30,25,14,11,20,55,52,53,3,16.0,0,0,62.0,Championship,15.0,3.0,False
Huddersfield,2022/2023,Championship,45,9,6,7,26,24,5,5,13,21,37,14,11,20,47,61,53,-14,16.0,1,0,82.0,Championship,3.0,16.0,False
Fulham,2022/2023,Premier League,38,8,5,6,31,29,7,2,10,24,24,15,7,16,55,53,52,2,10.0,1,0,90.0,Championship,1.0,63.0,True
Birmingham,2022/2023,Championship,45,7,6,10,24,24,7,4,11,23,34,14,10,21,47,58,52,-11,18.0,0,0,48.0,Championship,21.0,-25.0,False
QPR,2022/2023,Championship,45,6,5,12,21,35,7,6,9,23,35,13,11,21,44,70,50,-26,19.0,0,0,66.0,Championship,11.0,0.0,False
Reading,2022/2023,Championship,45,10,8,5,31,24,3,3,16,15,43,13,11,21,46,67,50,-21,19.0,0,0,47.0,Championship,22.0,-34.0,False
Rotherham,2022/2023,Championship,45,9,5,8,36,29,2,11,10,12,30,11,16,18,48,59,49,-11,21.0,0,0,1.0,Championship,25.0,0.0,False
Cardiff,2022/2023,Championship,45,5,7,10,19,24,7,3,13,21,34,12,10,23,40,58,46,-18,22.0,0,0,56.0,Championship,17.0,-17.0,False
Crystal Palace,2022/2023,Premier League,38,7,7,5,21,23,4,5,10,19,26,11,12,15,40,49,45,-9,11.0,0,0,48.0,Premier League,12.0,4.0,False
Chelsea,2022/2023,Premier League,38,6,7,6,20,19,5,4,10,18,28,11,11,16,38,47,44,-9,12.0,0,0,74.0,Premier League,3.0,43.0,False
Wigan,2022/2023,Championship,45,5,6,11,17,35,5,8,10,21,30,10,14,21,38,65,44,-27,23.0,0,0,1.0,Championship,25.0,0.0,False
Wolves,2022/2023,Premier League,38,9,3,7,19,20,2,5,12,12,38,11,8,19,31,58,41,-27,13.0,0,0,51.0,Premier League,9.0,-5.0,False
Blackpool,2022/2023,Championship,45,5,6,11,27,34,5,5,13,20,38,10,11,24,47,72,41,-25,24.0,0,0,63.0,Championship,14.0,-3.0,False
West Ham,2022/2023,Premier League,38,8,4,7,26,24,3,3,13,16,31,11,7,20,42,55,40,-13,14.0,0,0,56.0,Premier League,7.0,9.0,False
Bournemouth,2022/2023,Premier League,38,6,4,9,20,28,5,2,12,17,43,11,6,21,37,71,39,-34,15.0,1,0,88.0,Championship,2.0,35.0,True
Nott'm Forest,2022/2023,Premier League,38,8,6,5,27,24,1,5,13,11,44,9,11,18,38,68,38,-30,16.0,0,0,80.0,Championship,4.0,33.0,True
Everton,2022/2023,Premier League,38,6,3,10,16,27,2,9,8,18,30,8,12,18,34,57,36,-23,17.0,0,0,39.0,Premier League,16.0,-23.0,False
Leicester,2022/2023,Premier League,38,5,4,10,23,27,4,3,12,28,41,9,7,22,51,68,34,-17,18.0,0,0,52.0,Premier League,8.0,3.0,False
Leeds,2022/2023,Premier League,38,5,7,7,26,37,2,3,14,22,41,7,10,21,48,78,31,-30,19.0,0,0,38.0,Premier League,17.0,-37.0,False
Southampton,2022/2023,Premier League,38,2,5,12,19,37,4,2,13,17,36,6,7,25,36,73,25,-37,20.0,0,0,40.0,Premier League,15.0,-24.0,False
Leicester,2023/2024,Championship,46,17,1,5,47,18,14,3,6,42,23,31,4,11,89,41,97,48,1.0,0,1,34.0,Premier League,18.0,-17.0,False
Ipswich,2023/2024,Championship,46,16,6,1,59,32,12,6,5,33,25,28,12,6,92,57,96,35,2.0,0,0,0.0,N/A,0.0,0.0,False
Man City,2023/2024,Premier League,38,14,5,0,51,16,14,2,3,45,18,28,7,3,96,34,91,62,1.0,0,0,89.0,Premier League,1.0,61.0,False
Leeds,2023/2024,Championship,46,16,5,2,45,16,11,4,8,36,27,27,9,10,81,43,90,38,3.0,0,1,31.0,Premier League,19.0,-30.0,False
Arsenal,2023/2024,Premier League,38,15,2,2,48,16,13,3,3,43,13,28,5,5,91,29,89,62,2.0,0,0,84.0,Premier League,2.0,45.0,False
Southampton,2023/2024,Championship,46,15,3,5,54,29,11,6,6,33,34,26,9,11,87,63,87,24,4.0,0,1,25.0,Premier League,20.0,-37.0,False
Liverpool,2023/2024,Premier League,38,15,3,1,49,17,9,7,3,37,24,24,10,4,86,41,82,45,3.0,0,0,67.0,Premier League,5.0,28.0,False
West Brom,2023/2024,Championship,46,15,4,4,38,17,6,8,9,32,30,21,12,13,70,47,75,23,5.0,0,0,65.0,Championship,8.0,6.0,False
Norwich,2023/2024,Championship,46,15,4,4,43,22,6,6,11,36,42,21,10,15,79,64,73,15,6.0,0,0,62.0,Championship,12.0,4.0,False
Hull,2023/2024,Championship,46,8,9,6,35,27,11,4,8,33,33,19,13,14,68,60,70,8,7.0,0,0,55.0,Championship,15.0,-11.0,False
Middlesbrough,2023/2024,Championship,46,10,4,9,30,26,10,5,8,41,36,20,9,17,71,62,69,9,8.0,0,0,74.0,Championship,4.0,28.0,False
Aston Villa,2023/2024,Premier League,38,12,4,3,48,28,8,4,7,28,33,20,8,10,76,61,68,15,4.0,0,0,61.0,Premier League,7.0,5.0,False
Tottenham,2023/2024,Premier League,38,13,0,6,38,27,7,6,6,36,34,20,6,12,74,61,66,13,5.0,0,0,60.0,Premier League,8.0,7.0,False
Coventry,2023/2024,Championship,46,9,8,6,36,27,8,5,10,34,32,17,13,16,70,59,64,11,9.0,0,0,69.0,Championship,5.0,12.0,False
Chelsea,2023/2024,Premier League,38,11,4,4,44,26,7,5,7,33,37,18,9,11,77,63,63,14,6.0,0,0,44.0,Premier League,12.0,-9.0,False
Preston,2023/2024,Championship,46,11,4,8,35,36,7,5,11,21,31,18,9,19,56,67,63,-11,10.0,0,0,62.0,Championship,12.0,-14.0,False
Bristol City,2023/2024,Championship,46,11,4,8,31,21,6,7,10,22,30,17,11,18,53,51,62,2,11.0,0,0,59.0,Championship,14.0,0.0,False
Cardiff,2023/2024,Championship,46,10,3,10,27,32,9,2,12,26,38,19,5,22,53,70,62,-17,11.0,0,0,46.0,Championship,22.0,-18.0,False
Man United,2023/2024,Premier League,38,10,3,6,31,28,8,3,8,26,30,18,6,14,57,58,60,-1,7.0,0,0,75.0,Premier League,3.0,15.0,False
Newcastle,2023/2024,Premier League,38,12,4,3,49,22,6,2,11,36,40,18,6,14,85,62,60,23,7.0,0,0,71.0,Premier League,4.0,35.0,False
Millwall,2023/2024,Championship,46,9,5,9,22,29,7,6,10,23,26,16,11,19,45,55,59,-10,13.0,0,0,65.0,Championship,8.0,5.0,False
Swansea,2023/2024,Championship,46,8,5,10,26,28,7,7,9,33,37,15,12,19,59,65,57,-6,14.0,0,0,65.0,Championship,8.0,4.0,False
Watford,2023/2024,Championship,46,6,9,8,32,28,7,8,8,29,33,13,17,16,61,61,56,0,15.0,0,0,63.0,Championship,11.0,3.0,False
QPR,2023/2024,Championship,46,7,6,10,28,32,8,5,10,19,26,15,11,20,47,58,56,-11,15.0,0,0,50.0,Championship,19.0,-26.0,False
Stoke,2023/2024,Championship,46,8,6,9,24,27,7,5,11,25,33,15,11,20,49,60,56,-11,15.0,0,0,53.0,Championship,16.0,3.0,False
Sunderland,2023/2024,Championship,46,10,2,11,30,30,6,6,11,22,24,16,8,22,52,54,56,-2,15.0,0,0,68.0,Championship,6.0,13.0,False
Blackburn,2023/2024,Championship,46,6,7,10,27,34,8,4,11,33,40,14,11,21,60,74,53,-14,19.0,0,0,66.0,Championship,7.0,-3.0,False
Sheffield Weds,2023/2024,Championship,46,8,7,8,27,27,7,1,15,17,41,15,8,23,44,68,53,-24,19.0,0,0,47.0,Championship,21.0,-21.0,False
West Ham,2023/2024,Premier League,38,7,8,4,31,28,7,2,10,29,46,14,10,14,60,74,52,-14,9.0,0,0,40.0,Premier League,14.0,-13.0,False
Plymouth,2023/2024,Championship,46,10,5,8,41,35,3,7,13,18,35,13,12,21,59,70,51,-11,21.0,0,0,0.0,N/A,0.0,0.0,False
Birmingham,2023/2024,Championship,46,10,6,7,31,25,3,5,15,19,40,13,11,22,50,65,50,-15,22.0,0,0,52.0,Championship,18.0,-11.0,False
Crystal Palace,2023/2024,Premier League,38,8,4,7,37,26,5,6,8,20,32,13,10,15,57,58,49,-1,10.0,0,0,45.0,Premier League,11.0,-9.0,False
Everton,2023/2024,Premier League,38,8,4,7,22,18,5,5,9,18,33,13,9,16,40,51,48,-11,11.0,0,0,36.0,Premier League,17.0,-23.0,False
Brighton,2023/2024,Premier League,38,8,6,5,30,27,4,6,9,25,35,12,12,14,55,62,48,-7,11.0,0,0,62.0,Premier League,6.0,19.0,False
Bournemouth,2023/2024,Premier League,38,7,6,6,27,28,6,3,10,27,39,13,9,16,54,67,48,-13,11.0,0,0,39.0,Premier League,15.0,-34.0,False
Fulham,2023/2024,Premier League,38,9,2,8,31,24,4,6,9,24,37,13,8,17,55,61,47,-6,14.0,0,0,52.0,Premier League,10.0,2.0,False
Wolves,2023/2024,Premier League,38,8,3,8,26,30,5,4,10,24,35,13,7,18,50,65,46,-15,15.0,0,0,41.0,Premier League,13.0,-27.0,False
Huddersfield,2023/2024,Championship,46,6,8,9,26,36,3,10,10,22,41,9,18,19,48,77,45,-29,23.0,0,0,53.0,Championship,16.0,-14.0,False
Brentford,2023/2024,Premier League,38,5,7,7,29,34,5,2,12,27,31,10,9,19,56,65,39,-9,16.0,0,0,59.0,Premier League,9.0,12.0,False
Nott'm Forest,2023/2024,Premier League,38,5,5,9,27,30,4,4,11,22,37,9,9,20,49,67,36,-18,17.0,0,0,38.0,Premier League,16.0,-30.0,False
Rotherham,2023/2024,Championship,46,5,8,10,24,28,0,4,19,13,61,5,12,29,37,89,27,-52,24.0,0,0,49.0,Championship,21.0,-11.0,False
Luton,2023/2024,Premier League,38,4,4,11,28,37,2,4,13,24,48,6,8,24,52,85,26,-33,18.0,1,0,79.0,Championship,3.0,18.0,True
Burnley,2023/2024,Premier League,38,2,4,13,19,43,3,5,11,22,35,5,9,24,41,78,24,-37,19.0,1,0,98.0,Championship,1.0,51.0,True
Sheffield United,2023/2024,Premier League,38,2,4,13,19,57,1,3,15,16,47,3,7,28,35,104,16,-69,20.0,1,0,91.0,Championship,2.0,34.0,True
Burnley,2024/2025,Championship,46,14,9,0,35,8,14,7,2,34,8,28,16,2,69,16,100,53,1.0,0,1,24.0,Premier League,19.0,-37.0,False
Leeds,2024/2025,Championship,46,18,4,1,61,12,11,9,3,34,18,29,13,4,95,30,100,65,1.0,1,0,90.0,Championship,3.0,38.0,False
Sheffield United,2024/2025,Championship,46,15,4,4,33,17,13,4,6,30,19,28,8,10,63,36,92,27,3.0,0,1,16.0,Premier League,20.0,-69.0,False
Liverpool,2024/2025,Premier League,38,14,4,1,42,16,11,5,3,44,25,25,9,4,86,41,84,45,1.0,0,0,82.0,Premier League,3.0,45.0,False
Sunderland,2024/2025,Championship,46,12,7,4,32,18,9,6,8,26,26,21,13,12,58,44,76,14,4.0,0,0,56.0,Championship,15.0,-2.0,False
Arsenal,2024/2025,Premier League,38,11,6,2,35,17,9,8,2,34,17,20,14,4,69,34,74,35,2.0,0,0,89.0,Premier League,2.0,62.0,False
Man City,2024/2025,Premier League,38,13,3,3,43,23,8,5,6,29,21,21,8,9,72,44,71,28,3.0,0,0,91.0,Premier League,1.0,62.0,False
Chelsea,2024/2025,Premier League,38,12,5,2,35,18,8,4,7,29,25,20,9,9,64,43,69,21,4.0,0,0,63.0,Premier League,6.0,14.0,False
Coventry,2024/2025,Championship,46,14,3,6,40,24,6,6,11,24,34,20,9,17,64,58,69,6,5.0,0,0,64.0,Championship,9.0,11.0,False
Bristol City,2024/2025,Championship,46,13,7,3,36,20,4,10,9,23,35,17,17,12,59,55,68,4,6.0,0,0,62.0,Championship,11.0,2.0,False
Newcastle,2024/2025,Premier League,38,12,2,5,40,20,8,4,7,28,27,20,6,12,68,47,66,21,5.0,0,0,60.0,Premier League,7.0,23.0,False
Aston Villa,2024/2025,Premier League,38,11,7,1,34,20,8,2,9,24,31,19,9,10,58,51,66,7,5.0,0,0,68.0,Premier League,4.0,15.0,False
Blackburn,2024/2025,Championship,46,12,4,7,34,23,7,5,11,19,25,19,9,18,53,48,66,5,7.0,0,0,53.0,Championship,19.0,-14.0,False
Millwall,2024/2025,Championship,46,12,4,7,27,19,6,8,9,20,30,18,12,16,47,49,66,-2,7.0,0,0,59.0,Championship,13.0,-10.0,False
Nott'm Forest,2024/2025,Premier League,38,9,5,5,26,16,10,3,6,32,30,19,8,11,58,46,65,12,7.0,0,0,36.0,Premier League,17.0,-18.0,False
West Brom,2024/2025,Championship,46,11,8,4,33,20,4,11,8,24,27,15,19,12,57,47,64,10,9.0,0,0,75.0,Championship,5.0,23.0,False
Middlesbrough,2024/2025,Championship,46,11,6,6,31,23,7,4,12,33,33,18,10,18,64,56,64,8,9.0,0,0,69.0,Championship,8.0,9.0,False
Brighton,2024/2025,Premier League,38,8,8,3,30,26,8,5,6,36,33,16,13,9,66,59,61,7,8.0,0,0,48.0,Premier League,11.0,-7.0,False
Swansea,2024/2025,Championship,46,10,6,7,33,24,7,4,12,18,32,17,10,19,51,56,61,-5,11.0,0,0,57.0,Championship,14.0,-6.0,False
Sheffield Weds,2024/2025,Championship,46,6,8,9,30,32,9,5,9,30,37,15,13,18,60,69,58,-9,12.0,0,0,53.0,Championship,19.0,-24.0,False
Watford,2024/2025,Championship,46,12,4,7,27,22,4,5,14,26,39,16,9,21,53,61,57,-8,13.0,0,0,56.0,Championship,15.0,0.0,False
Norwich,2024/2025,Championship,46,10,8,5,52,34,4,7,12,19,34,14,15,17,71,68,57,3,13.0,0,0,73.0,Championship,6.0,15.0,False
Brentford,2024/2025,Premier League,38,9,4,6,40,35,7,4,8,26,22,16,8,14,66,57,56,9,9.0,0,0,39.0,Premier League,16.0,-9.0,False
Bournemouth,2024/2025,Premier League,38,8,4,7,23,16,7,7,5,35,30,15,11,12,58,46,56,12,9.0,0,0,48.0,Premier League,11.0,-13.0,False
QPR,2024/2025,Championship,46,7,8,8,31,34,7,6,10,22,29,14,14,18,53,63,56,-10,15.0,0,0,56.0,Championship,15.0,-11.0,False
Fulham,2024/2025,Premier League,38,7,5,7,27,30,8,4,7,27,24,15,9,14,54,54,54,0,11.0,0,0,47.0,Premier League,14.0,-6.0,False
Portsmouth,2024/2025,Championship,46,11,7,5,33,21,3,5,15,25,50,14,12,20,58,71,54,-13,16.0,0,0,0.0,N/A,0.0,0.0,False
Crystal Palace,2024/2025,Premier League,38,6,7,6,24,26,7,7,5,27,25,13,14,11,51,51,53,0,12.0,0,0,49.0,Premier League,10.0,-1.0,False
Oxford,2024/2025,Championship,46,11,5,7,31,29,2,9,12,18,36,13,14,19,49,65,53,-16,17.0,0,0,0.0,N/A,0.0,0.0,False
Stoke,2024/2025,Championship,46,8,9,6,29,25,4,6,13,16,37,12,15,19,45,62,51,-17,18.0,0,0,56.0,Championship,15.0,-11.0,False
Derby,2024/2025,Championship,46,9,5,9,25,18,4,6,13,23,38,13,11,22,48,56,50,-8,19.0,0,0,55.0,Championship,18.0,-8.0,False
Preston,2024/2025,Championship,46,7,12,4,26,22,3,8,12,22,37,10,20,16,48,59,50,-11,19.0,0,0,63.0,Championship,10.0,-11.0,False
Luton,2024/2025,Championship,46,9,7,7,25,22,4,3,16,20,47,13,10,23,45,69,49,-24,21.0,0,1,26.0,Premier League,18.0,-33.0,False
Hull,2024/2025,Championship,46,5,8,10,24,28,7,5,11,20,26,12,13,21,44,54,49,-10,21.0,0,0,70.0,Championship,7.0,8.0,False
Everton,2024/2025,Premier League,38,5,9,5,26,23,6,6,7,16,21,11,15,12,42,44,48,-2,13.0,0,0,48.0,Premier League,11.0,-11.0,False
Plymouth,2024/2025,Championship,46,9,7,7,40,39,2,6,15,11,49,11,13,22,51,88,46,-37,23.0,0,0,51.0,Championship,21.0,-11.0,False
Cardiff,2024/2025,Championship,46,7,6,10,24,27,2,11,10,24,46,9,17,20,48,73,44,-25,24.0,0,0,62.0,Championship,11.0,-17.0,False
West Ham,2024/2025,Premier League,38,5,5,9,23,34,6,5,8,23,28,11,10,17,46,62,43,-16,14.0,0,0,52.0,Premier League,9.0,-14.0,False
Man United,2024/2025,Premier League,38,7,3,9,23,28,4,6,9,21,26,11,9,18,44,54,42,-10,15.0,0,0,60.0,Premier League,7.0,-1.0,False
Wolves,2024/2025,Premier League,38,6,3,10,27,32,6,3,10,27,37,12,6,20,54,69,42,-15,15.0,0,0,46.0,Premier League,15.0,-15.0,False
Tottenham,2024/2025,Premier League,38,6,3,10,35,35,5,2,12,29,30,11,5,22,64,65,38,-1,17.0,0,0,66.0,Premier League,5.0,13.0,False
Leicester,2024/2025,Premier League,38,4,3,12,15,34,2,4,13,18,46,6,7,25,33,80,25,-47,18.0,1,0,97.0,Championship,1.0,48.0,True
Ipswich,2024/2025,Premier League,38,1,4,14,14,44,3,6,10,22,38,4,10,24,36,82,22,-46,19.0,1,0,96.0,Championship,2.0,35.0,True
Southampton,2024/2025,Premier League,38,1,3,15,13,47,1,3,15,13,39,2,6,30,26,86,12,-60,20.0,0,0,87.0,Championship,4.0,24.0,True
